active 0
playing 0
playlist 0
position 55
shuffle 99,29,7,48,134,83,78,153,88,126,150,32,1,72,38,31
shuffle 37,102,24,168,22,57,149,85,108,90,160,95,136,118,104,146
shuffle 46,147,97,96,47,169,130,70,33,113,11,129,132,100,135,107
shuffle 109,138,148,20,9,16,19,133,73,30,13,5,75,115,17,144
shuffle 161,165,156,110,164,141,45,59,142,60,49,91,12,123,143,2
shuffle 162,51,86,158,76,128,43,74,157,82,124,98,89,61,6,64
shuffle 26,68,166,34,140,122,77,39,93,69,152,27,121,106,0,127
shuffle 3,55,116
resume-state 1
resume-time 82427
